0
32
33
34
35
36
37
38
39
40
41
42
43
44
45
46
47
48
49
50
51
52
53
54
55
56
57
58
59
60
61
nextrow
62
63
64
65
66
67
68
69
70
71
72
73
74
75
76
77
78
79
80
81
82
83
84
85
86
87
88
89
90
91
92
nextrow
93
94
95
96
97
98
99
100
101
102
103
104
105
106
107
108
109
110
111
112
113
114
115
116
117
118
119
120
121
122
123
nextrow
124
125
126
160
161
162
163
164
165
166
167
168
169
170
171
172
173
174
175
176
177
178
179
180
181
182
183
184
185
186
187
nextrow
188
189
190
191
192
193
194
195
196
197
198
199
200
201
202
203
204
205
206
207
208
209
210
211
212
213
214
215
216
217
218
nextrow
219
220
221
222
223
224
225
226
227
228
229
230
231
232
233
234
235
236
237
238
239
240
241
242
243
244
245
246
247
248
249
nextrow
250
251
252
253
254
255
256
257
258
259
260
261
262
263
264
265
266
267
268
269
270
271
272
273
274
275
276
277
278
279
280
nextrow
281
282
283
284
285
286
287
288
289
290
291
292
293
294
295
296
297
298
299
300
301
302
303
304
305
306
307
308
309
310
311
nextrow
312
313
314
315
316
317
318
319
320
321
322
323
324
325
326
327
328
329
330
331
332
333
334
335
336
337
338
339
340
341
342
nextrow
343
344
345
346
347
348
349
350
351
352
353
354
355
356
357
358
359
360
361
362
363
364
365
366
367
368
369
370
371
372
373
nextrow
374
375
376
377
378
379
380
381
382
383
399
402
416
417
431
432
536
537
538
539
601
700
701
710
711
728
729
730
731
732
733
nextrow
768
769
770
771
772
773
774
775
776
777
778
779
780
781
782
783
785
803
804
832
833
884
885
890
894
900
901
902
903
904
905
nextrow
906
908
910
911
912
913
914
915
916
917
918
919
920
921
922
923
924
925
926
927
928
929
931
932
933
934
935
936
937
938
939
nextrow
940
941
942
943
944
945
946
947
948
949
950
951
952
953
954
955
956
957
958
959
960
961
962
963
964
965
966
967
968
969
970
nextrow
971
972
973
974
976
977
978
979
980
981
982
983
986
987
988
989
990
991
992
993
1008
1009
1010
1011
1012
1013
1025
1026
1027
1028
1029
nextrow
1030
1031
1032
1033
1034
1035
1036
1038
1039
1040
1041
1042
1043
1044
1045
1046
1047
1048
1049
1050
1051
1052
1053
1054
1055
1056
1057
1058
1059
1060
1061
nextrow
1062
1063
1064
1065
1066
1067
1068
1069
1070
1071
1072
1073
1074
1075
1076
1077
1078
1079
1080
1081
1082
1083
1084
1085
1086
1087
1088
1089
1090
1091
1092
nextrow
1093
1094
1095
1096
1097
1098
1099
1100
1101
1102
1103
1105
1106
1107
1108
1109
1110
1111
1112
1113
1114
1115
1116
1118
1119
1168
1169
1470
1472
1475
1488
nextrow
1489
1490
1491
1492
1493
1494
1495
1496
1497
1498
1499
1500
1501
1502
1503
1504
1505
1506
1507
1508
1509
1510
1511
1512
1513
1514
1520
1521
1522
1523
1524
nextrow
3585
3586
3587
3588
3589
3590
3591
3592
3593
3594
3595
3596
3597
3598
3599
3600
3601
3602
3603
3604
3605
3606
3607
3608
3609
3610
3611
3612
3613
3614
3615
nextrow
3616
3617
3618
3619
3620
3621
3622
3623
3624
3625
3626
3627
3628
3629
3630
3631
3632
3633
3634
3635
3636
3637
3638
3639
3640
3641
3642
3647
3648
3649
3650
nextrow
3651
3652
3653
3654
3655
3656
3657
3658
3659
3660
3661
3662
3663
3664
3665
3666
3667
3668
3669
3670
3671
3672
3673
3674
3675
7682
7683
7690
7691
7710
7711
nextrow
7744
7745
7748
7749
7766
7767
7776
7777
7786
7787
7808
7809
7810
7811
7812
7813
7922
7923
7936
7937
7938
7939
7940
7941
7942
7943
7944
7945
7946
7947
7948
nextrow
7949
7950
7951
7952
7953
7954
7955
7956
7957
7960
7961
7962
7963
7964
7965
7968
7969
7970
7971
7972
7973
7974
7975
7976
7977
7978
7979
7980
7981
7982
7983
nextrow
7984
7985
7986
7987
7988
7989
7990
7991
7992
7993
7994
7995
7996
7997
7998
7999
8000
8001
8002
8003
8004
8005
8008
8009
8010
8011
8012
8013
8016
8017
8018
nextrow
8019
8020
8021
8022
8023
8025
8027
8029
8031
8032
8033
8034
8035
8036
8037
8038
8039
8040
8041
8042
8043
8044
8045
8046
8047
8048
8049
8050
8051
8052
8053
nextrow
8054
8055
8056
8057
8058
8059
8060
8061
8064
8065
8066
8067
8068
8069
8070
8071
8072
8073
8074
8075
8076
8077
8078
8079
8080
8081
8082
8083
8084
8085
8086
nextrow
8087
8088
8089
8090
8091
8092
8093
8094
8095
8096
8097
8098
8099
8100
8101
8102
8103
8104
8105
8106
8107
8108
8109
8110
8111
8112
8113
8114
8115
8116
8118
nextrow
8119
8120
8121
8122
8123
8124
8125
8126
8127
8128
8129
8130
8131
8132
8134
8135
8136
8137
8138
8139
8140
8141
8142
8143
8144
8145
8146
8147
8150
8151
8152
nextrow
8153
8154
8155
8157
8158
8159
8160
8161
8162
8163
8164
8165
8166
8167
8168
8169
8170
8171
8172
8173
8174
8175
8178
8179
8180
8182
8183
8184
8185
8186
8187
nextrow
8188
8189
8190
8208
8209
8210
8211
8212
8213
8214
8215
8216
8217
8218
8219
8220
8221
8222
8223
8224
8225
8226
8230
8240
8241
8249
8250
8254
8363
8364
8367
nextrow
8470
8482
8486
8539
8540
8541
8542
8592
8593
8594
8595
8722
8800
8804
8805
9146
9147
9148
9149
9225
9226
9227
9228
9229
9252
9472
9474
9484
9488
9492
9496
nextrow
9500
9508
9516
9524
9532
9581
9582
9583
9584
9585
9586
9587
9618
9646
9670
9834
65533
