32
33
34
35
36
37
38
39
40
41
42
43
44
45
46
47
48
49
50
51
52
53
54
55
56
57
58
59
60
61
62
63
64
65
66
67
68
69
70
71
72
73
74
75
76
77
78
79
80
81
82
83
84
85
86
87
88
89
90
91
92
93
94
95
96
97
98
99
100
101
102
103
104
105
106
107
108
109
110
111
112
113
114
115
116
117
118
119
120
121
122
123
124
125
126
161
162
163
165
171
176
177
183
187
188
189
191
196
197
199
201
209
214
220
223
224
225
226
228
229
231
232
233
234
235
236
237
238
239
241
242
243
244
246
249
250
251
252
255
915
960
8804
8805
9472
9474
9484
9488
9492
9496
9500
9508
9516
9524
9532
9617
64256
